123411234 123132131 -2147483648 123 12341 1243 123412 31243 124 2134 12412 123412 12 13 132 4124 1 321 412 4312 4132 412 1 123 41243124 124 124 124 234 
1234 31 3412 3432 4134 3214 324 14 3434 3 34123 1234 12345454 2 3245 235 4325 4523 45 2345 24 52435 2345 23 245452452 54 
123411234 123132131 -2147483648 123 12341 1243 123412 31243 124 2134 12412 123412 12 13 132 4124 1 321 412 4312 4132 412 1 123 41243124 124 124 124 234 
123411234 123132131 -2147483648 123 12341 1243 123412 31243 124 2134 12412 123412 12 13 132 4124 1 321 412 4312 4132 412 1 123 41243124 124 124 124 234 
2345454 2 3245 235 4325 4523 45 2345 24 52435 2345 23 245452452 54 
2345454 2 3245 235 4325 4523 45 2345 24 52435 2345 23 245452452 54 
2345454 2 3245 235 4325 4523 45 2345 24 52435 2345 23 245452452 54 
2345454 2 3245 235 4325 4523 45 2345 24 52435 2345 23 245452452 54 
12313 1 23 23 13 13 13414 
9
